solid TriangleGroup
facet normal -3.596273e-01 6.228928e-01 -6.947466e-01
outer loop
vertex 0.000000e+00 0.000000e+00 1.000000e+00
vertex 8.164966e-01 0.000000e+00 5.773503e-01
vertex -4.082483e-01 -7.071068e-01 5.773503e-01
endloop
endfacet
facet normal -7.748891e-01 6.228928e-01 -1.074777e-01
outer loop
vertex 8.164966e-01 0.000000e+00 5.773503e-01
vertex 9.428090e-01 0.000000e+00 -3.333333e-01
vertex 4.082483e-01 -7.071068e-01 -5.773503e-01
endloop
endfacet
facet normal -1.519964e-01 9.825201e-01 -1.074777e-01
outer loop
vertex 4.082483e-01 -7.071068e-01 -5.773503e-01
vertex -4.714045e-01 -8.164966e-01 -3.333333e-01
vertex -4.082483e-01 -7.071068e-01 5.773503e-01
endloop
endfacet
facet normal -4.714045e-01 8.164966e-01 -3.333333e-01
outer loop
vertex 8.164966e-01 0.000000e+00 5.773503e-01
vertex 4.082483e-01 -7.071068e-01 -5.773503e-01
vertex -4.082483e-01 -7.071068e-01 5.773503e-01
endloop
endfacet
facet normal 7.192546e-01 -2.003958e-16 -6.947466e-01
outer loop
vertex 0.000000e+00 0.000000e+00 1.000000e+00
vertex -4.082483e-01 -7.071068e-01 5.773503e-01
vertex -4.082483e-01 7.071068e-01 5.773503e-01
endloop
endfacet
facet normal 9.268855e-01 3.596273e-01 -1.074777e-01
outer loop
vertex -4.082483e-01 -7.071068e-01 5.773503e-01
vertex -4.714045e-01 -8.164966e-01 -3.333333e-01
vertex -8.164966e-01 1.922963e-16 -5.773503e-01
endloop
endfacet
facet normal 9.268855e-01 -3.596273e-01 -1.074777e-01
outer loop
vertex -8.164966e-01 1.922963e-16 -5.773503e-01
vertex -4.714045e-01 8.164966e-01 -3.333333e-01
vertex -4.082483e-01 7.071068e-01 5.773503e-01
endloop
endfacet
facet normal 9.428090e-01 -2.698913e-16 -3.333333e-01
outer loop
vertex -4.082483e-01 -7.071068e-01 5.773503e-01
vertex -8.164966e-01 1.922963e-16 -5.773503e-01
vertex -4.082483e-01 7.071068e-01 5.773503e-01
endloop
endfacet
facet normal -3.596273e-01 -6.228928e-01 -6.947466e-01
outer loop
vertex 0.000000e+00 0.000000e+00 1.000000e+00
vertex -4.082483e-01 7.071068e-01 5.773503e-01
vertex 8.164966e-01 0.000000e+00 5.773503e-01
endloop
endfacet
facet normal -1.519964e-01 -9.825201e-01 -1.074777e-01
outer loop
vertex -4.082483e-01 7.071068e-01 5.773503e-01
vertex -4.714045e-01 8.164966e-01 -3.333333e-01
vertex 4.082483e-01 7.071068e-01 -5.773503e-01
endloop
endfacet
facet normal -7.748891e-01 -6.228928e-01 -1.074777e-01
outer loop
vertex 4.082483e-01 7.071068e-01 -5.773503e-01
vertex 9.428090e-01 0.000000e+00 -3.333333e-01
vertex 8.164966e-01 0.000000e+00 5.773503e-01
endloop
endfacet
facet normal -4.714045e-01 -8.164966e-01 -3.333333e-01
outer loop
vertex -4.082483e-01 7.071068e-01 5.773503e-01
vertex 4.082483e-01 7.071068e-01 -5.773503e-01
vertex 8.164966e-01 0.000000e+00 5.773503e-01
endloop
endfacet
facet normal -4.152618e-01 0.000000e+00 9.097019e-01
outer loop
vertex 9.428090e-01 0.000000e+00 -3.333333e-01
vertex 4.082483e-01 7.071068e-01 -5.773503e-01
vertex 4.082483e-01 -7.071068e-01 -5.773503e-01
endloop
endfacet
facet normal 2.076309e-01 -3.596273e-01 9.097019e-01
outer loop
vertex 4.082483e-01 7.071068e-01 -5.773503e-01
vertex -4.714045e-01 8.164966e-01 -3.333333e-01
vertex -8.164966e-01 1.922963e-16 -5.773503e-01
endloop
endfacet
facet normal 2.076309e-01 3.596273e-01 9.097019e-01
outer loop
vertex -8.164966e-01 1.922963e-16 -5.773503e-01
vertex -4.714045e-01 -8.164966e-01 -3.333333e-01
vertex 4.082483e-01 -7.071068e-01 -5.773503e-01
endloop
endfacet
facet normal 9.064933e-17 -1.570092e-16 1.000000e+00
outer loop
vertex 4.082483e-01 7.071068e-01 -5.773503e-01
vertex -8.164966e-01 1.922963e-16 -5.773503e-01
vertex 4.082483e-01 -7.071068e-01 -5.773503e-01
endloop
endfacet
endsolid TriangleGroup