solid TriangleGroup
facet normal 2.858531e-01 -2.018988e-01 -9.367630e-01
outer loop
vertex -5.257311e-01 0.000000e+00 8.506508e-01
vertex -3.090170e-01 5.000000e-01 8.090170e-01
vertex 0.000000e+00 3.568221e-01 9.341724e-01
endloop
endfacet
facet normal 1.679044e-02 -6.372513e-01 -7.704731e-01
outer loop
vertex -3.090170e-01 5.000000e-01 8.090170e-01
vertex 0.000000e+00 8.506508e-01 5.257311e-01
vertex 0.000000e+00 3.568221e-01 9.341724e-01
endloop
endfacet
facet normal -1.679044e-02 -6.372513e-01 -7.704731e-01
outer loop
vertex 0.000000e+00 8.506508e-01 5.257311e-01
vertex 3.090170e-01 5.000000e-01 8.090170e-01
vertex 0.000000e+00 3.568221e-01 9.341724e-01
endloop
endfacet
facet normal -2.858531e-01 -2.018988e-01 -9.367630e-01
outer loop
vertex 3.090170e-01 5.000000e-01 8.090170e-01
vertex 5.257311e-01 0.000000e+00 8.506508e-01
vertex 0.000000e+00 3.568221e-01 9.341724e-01
endloop
endfacet
facet normal -2.690626e-01 -1.747313e-01 -9.471400e-01
outer loop
vertex 5.257311e-01 0.000000e+00 8.506508e-01
vertex 0.000000e+00 0.000000e+00 1.000000e+00
vertex 0.000000e+00 3.568221e-01 9.341724e-01
endloop
endfacet
facet normal 2.690626e-01 -1.747313e-01 -9.471400e-01
outer loop
vertex -5.257311e-01 0.000000e+00 8.506508e-01
vertex 0.000000e+00 3.568221e-01 9.341724e-01
vertex 0.000000e+00 0.000000e+00 1.000000e+00
endloop
endfacet
facet normal 5.957418e-01 -2.995117e-01 -7.452412e-01
outer loop
vertex -5.257311e-01 0.000000e+00 8.506508e-01
vertex -8.090170e-01 3.090170e-01 5.000000e-01
vertex -5.773503e-01 5.773503e-01 5.773503e-01
endloop
endfacet
facet normal 7.620317e-01 -5.685743e-01 -3.098887e-01
outer loop
vertex -8.090170e-01 3.090170e-01 5.000000e-01
vertex -8.506508e-01 5.257311e-01 0.000000e+00
vertex -5.773503e-01 5.773503e-01 5.773503e-01
endloop
endfacet
facet normal 7.452412e-01 -5.957418e-01 -2.995117e-01
outer loop
vertex -8.506508e-01 5.257311e-01 0.000000e+00
vertex -5.000000e-01 8.090170e-01 3.090170e-01
vertex -5.773503e-01 5.773503e-01 5.773503e-01
endloop
endfacet
facet normal 3.098887e-01 -7.620317e-01 -5.685743e-01
outer loop
vertex -5.000000e-01 8.090170e-01 3.090170e-01
vertex 0.000000e+00 8.506508e-01 5.257311e-01
vertex -5.773503e-01 5.773503e-01 5.773503e-01
endloop
endfacet
facet normal 2.995117e-01 -7.452412e-01 -5.957418e-01
outer loop
vertex 0.000000e+00 8.506508e-01 5.257311e-01
vertex -3.090170e-01 5.000000e-01 8.090170e-01
vertex -5.773503e-01 5.773503e-01 5.773503e-01
endloop
endfacet
facet normal 5.685743e-01 -3.098887e-01 -7.620317e-01
outer loop
vertex -5.257311e-01 0.000000e+00 8.506508e-01
vertex -5.773503e-01 5.773503e-01 5.773503e-01
vertex -3.090170e-01 5.000000e-01 8.090170e-01
endloop
endfacet
facet normal 6.372513e-01 -7.704731e-01 1.679044e-02
outer loop
vertex -8.506508e-01 5.257311e-01 0.000000e+00
vertex -5.000000e-01 8.090170e-01 -3.090170e-01
vertex -3.568221e-01 9.341724e-01 0.000000e+00
endloop
endfacet
facet normal 2.018988e-01 -9.367630e-01 2.858531e-01
outer loop
vertex -5.000000e-01 8.090170e-01 -3.090170e-01
vertex 0.000000e+00 8.506508e-01 -5.257311e-01
vertex -3.568221e-01 9.341724e-01 0.000000e+00
endloop
endfacet
facet normal 1.747313e-01 -9.471400e-01 2.690626e-01
outer loop
vertex 0.000000e+00 8.506508e-01 -5.257311e-01
vertex 0.000000e+00 1.000000e+00 0.000000e+00
vertex -3.568221e-01 9.341724e-01 0.000000e+00
endloop
endfacet
facet normal 1.747313e-01 -9.471400e-01 -2.690626e-01
outer loop
vertex 0.000000e+00 1.000000e+00 0.000000e+00
vertex 0.000000e+00 8.506508e-01 5.257311e-01
vertex -3.568221e-01 9.341724e-01 0.000000e+00
endloop
endfacet
facet normal 2.018988e-01 -9.367630e-01 -2.858531e-01
outer loop
vertex 0.000000e+00 8.506508e-01 5.257311e-01
vertex -5.000000e-01 8.090170e-01 3.090170e-01
vertex -3.568221e-01 9.341724e-01 0.000000e+00
endloop
endfacet
facet normal 6.372513e-01 -7.704731e-01 -1.679044e-02
outer loop
vertex -8.506508e-01 5.257311e-01 0.000000e+00
vertex -3.568221e-01 9.341724e-01 0.000000e+00
vertex -5.000000e-01 8.090170e-01 3.090170e-01
endloop
endfacet
facet normal -1.747313e-01 -9.471400e-01 -2.690626e-01
outer loop
vertex 0.000000e+00 8.506508e-01 5.257311e-01
vertex 0.000000e+00 1.000000e+00 0.000000e+00
vertex 3.568221e-01 9.341724e-01 0.000000e+00
endloop
endfacet
facet normal -1.747313e-01 -9.471400e-01 2.690626e-01
outer loop
vertex 0.000000e+00 1.000000e+00 0.000000e+00
vertex 0.000000e+00 8.506508e-01 -5.257311e-01
vertex 3.568221e-01 9.341724e-01 0.000000e+00
endloop
endfacet
facet normal -2.018988e-01 -9.367630e-01 2.858531e-01
outer loop
vertex 0.000000e+00 8.506508e-01 -5.257311e-01
vertex 5.000000e-01 8.090170e-01 -3.090170e-01
vertex 3.568221e-01 9.341724e-01 0.000000e+00
endloop
endfacet
facet normal -6.372513e-01 -7.704731e-01 1.679044e-02
outer loop
vertex 5.000000e-01 8.090170e-01 -3.090170e-01
vertex 8.506508e-01 5.257311e-01 0.000000e+00
vertex 3.568221e-01 9.341724e-01 0.000000e+00
endloop
endfacet
facet normal -6.372513e-01 -7.704731e-01 -1.679044e-02
outer loop
vertex 8.506508e-01 5.257311e-01 0.000000e+00
vertex 5.000000e-01 8.090170e-01 3.090170e-01
vertex 3.568221e-01 9.341724e-01 0.000000e+00
endloop
endfacet
facet normal -2.018988e-01 -9.367630e-01 -2.858531e-01
outer loop
vertex 0.000000e+00 8.506508e-01 5.257311e-01
vertex 3.568221e-01 9.341724e-01 0.000000e+00
vertex 5.000000e-01 8.090170e-01 3.090170e-01
endloop
endfacet
facet normal -3.098887e-01 -7.620317e-01 -5.685743e-01
outer loop
vertex 0.000000e+00 8.506508e-01 5.257311e-01
vertex 5.000000e-01 8.090170e-01 3.090170e-01
vertex 5.773503e-01 5.773503e-01 5.773503e-01
endloop
endfacet
facet normal -7.452412e-01 -5.957418e-01 -2.995117e-01
outer loop
vertex 5.000000e-01 8.090170e-01 3.090170e-01
vertex 8.506508e-01 5.257311e-01 0.000000e+00
vertex 5.773503e-01 5.773503e-01 5.773503e-01
endloop
endfacet
facet normal -7.620317e-01 -5.685743e-01 -3.098887e-01
outer loop
vertex 8.506508e-01 5.257311e-01 0.000000e+00
vertex 8.090170e-01 3.090170e-01 5.000000e-01
vertex 5.773503e-01 5.773503e-01 5.773503e-01
endloop
endfacet
facet normal -5.957418e-01 -2.995117e-01 -7.452412e-01
outer loop
vertex 8.090170e-01 3.090170e-01 5.000000e-01
vertex 5.257311e-01 0.000000e+00 8.506508e-01
vertex 5.773503e-01 5.773503e-01 5.773503e-01
endloop
endfacet
facet normal -5.685743e-01 -3.098887e-01 -7.620317e-01
outer loop
vertex 5.257311e-01 0.000000e+00 8.506508e-01
vertex 3.090170e-01 5.000000e-01 8.090170e-01
vertex 5.773503e-01 5.773503e-01 5.773503e-01
endloop
endfacet
facet normal -2.995117e-01 -7.452412e-01 -5.957418e-01
outer loop
vertex 0.000000e+00 8.506508e-01 5.257311e-01
vertex 5.773503e-01 5.773503e-01 5.773503e-01
vertex 3.090170e-01 5.000000e-01 8.090170e-01
endloop
endfacet
facet normal -9.471400e-01 -2.690626e-01 -1.747313e-01
outer loop
vertex 8.506508e-01 5.257311e-01 0.000000e+00
vertex 1.000000e+00 0.000000e+00 0.000000e+00
vertex 9.341724e-01 0.000000e+00 3.568221e-01
endloop
endfacet
facet normal -9.471400e-01 2.690626e-01 -1.747313e-01
outer loop
vertex 1.000000e+00 0.000000e+00 0.000000e+00
vertex 8.506508e-01 -5.257311e-01 0.000000e+00
vertex 9.341724e-01 0.000000e+00 3.568221e-01
endloop
endfacet
facet normal -9.367630e-01 2.858531e-01 -2.018988e-01
outer loop
vertex 8.506508e-01 -5.257311e-01 0.000000e+00
vertex 8.090170e-01 -3.090170e-01 5.000000e-01
vertex 9.341724e-01 0.000000e+00 3.568221e-01
endloop
endfacet
facet normal -7.704731e-01 1.679044e-02 -6.372513e-01
outer loop
vertex 8.090170e-01 -3.090170e-01 5.000000e-01
vertex 5.257311e-01 0.000000e+00 8.506508e-01
vertex 9.341724e-01 0.000000e+00 3.568221e-01
endloop
endfacet
facet normal -7.704731e-01 -1.679044e-02 -6.372513e-01
outer loop
vertex 5.257311e-01 0.000000e+00 8.506508e-01
vertex 8.090170e-01 3.090170e-01 5.000000e-01
vertex 9.341724e-01 0.000000e+00 3.568221e-01
endloop
endfacet
facet normal -9.367630e-01 -2.858531e-01 -2.018988e-01
outer loop
vertex 8.506508e-01 5.257311e-01 0.000000e+00
vertex 9.341724e-01 0.000000e+00 3.568221e-01
vertex 8.090170e-01 3.090170e-01 5.000000e-01
endloop
endfacet
facet normal -9.367630e-01 -2.858531e-01 2.018988e-01
outer loop
vertex 8.506508e-01 5.257311e-01 0.000000e+00
vertex 8.090170e-01 3.090170e-01 -5.000000e-01
vertex 9.341724e-01 0.000000e+00 -3.568221e-01
endloop
endfacet
facet normal -7.704731e-01 -1.679044e-02 6.372513e-01
outer loop
vertex 8.090170e-01 3.090170e-01 -5.000000e-01
vertex 5.257311e-01 0.000000e+00 -8.506508e-01
vertex 9.341724e-01 0.000000e+00 -3.568221e-01
endloop
endfacet
facet normal -7.704731e-01 1.679044e-02 6.372513e-01
outer loop
vertex 5.257311e-01 0.000000e+00 -8.506508e-01
vertex 8.090170e-01 -3.090170e-01 -5.000000e-01
vertex 9.341724e-01 0.000000e+00 -3.568221e-01
endloop
endfacet
facet normal -9.367630e-01 2.858531e-01 2.018988e-01
outer loop
vertex 8.090170e-01 -3.090170e-01 -5.000000e-01
vertex 8.506508e-01 -5.257311e-01 0.000000e+00
vertex 9.341724e-01 0.000000e+00 -3.568221e-01
endloop
endfacet
facet normal -9.471400e-01 2.690626e-01 1.747313e-01
outer loop
vertex 8.506508e-01 -5.257311e-01 0.000000e+00
vertex 1.000000e+00 0.000000e+00 0.000000e+00
vertex 9.341724e-01 0.000000e+00 -3.568221e-01
endloop
endfacet
facet normal -9.471400e-01 -2.690626e-01 1.747313e-01
outer loop
vertex 8.506508e-01 5.257311e-01 0.000000e+00
vertex 9.341724e-01 0.000000e+00 -3.568221e-01
vertex 1.000000e+00 0.000000e+00 0.000000e+00
endloop
endfacet
facet normal -2.995117e-01 -7.452412e-01 5.957418e-01
outer loop
vertex 0.000000e+00 8.506508e-01 -5.257311e-01
vertex 3.090170e-01 5.000000e-01 -8.090170e-01
vertex 5.773503e-01 5.773503e-01 -5.773503e-01
endloop
endfacet
facet normal -5.685743e-01 -3.098887e-01 7.620317e-01
outer loop
vertex 3.090170e-01 5.000000e-01 -8.090170e-01
vertex 5.257311e-01 0.000000e+00 -8.506508e-01
vertex 5.773503e-01 5.773503e-01 -5.773503e-01
endloop
endfacet
facet normal -5.957418e-01 -2.995117e-01 7.452412e-01
outer loop
vertex 5.257311e-01 0.000000e+00 -8.506508e-01
vertex 8.090170e-01 3.090170e-01 -5.000000e-01
vertex 5.773503e-01 5.773503e-01 -5.773503e-01
endloop
endfacet
facet normal -7.620317e-01 -5.685743e-01 3.098887e-01
outer loop
vertex 8.090170e-01 3.090170e-01 -5.000000e-01
vertex 8.506508e-01 5.257311e-01 0.000000e+00
vertex 5.773503e-01 5.773503e-01 -5.773503e-01
endloop
endfacet
facet normal -7.452412e-01 -5.957418e-01 2.995117e-01
outer loop
vertex 8.506508e-01 5.257311e-01 0.000000e+00
vertex 5.000000e-01 8.090170e-01 -3.090170e-01
vertex 5.773503e-01 5.773503e-01 -5.773503e-01
endloop
endfacet
facet normal -3.098887e-01 -7.620317e-01 5.685743e-01
outer loop
vertex 0.000000e+00 8.506508e-01 -5.257311e-01
vertex 5.773503e-01 5.773503e-01 -5.773503e-01
vertex 5.000000e-01 8.090170e-01 -3.090170e-01
endloop
endfacet
facet normal 1.679044e-02 -6.372513e-01 7.704731e-01
outer loop
vertex 0.000000e+00 8.506508e-01 -5.257311e-01
vertex -3.090170e-01 5.000000e-01 -8.090170e-01
vertex 0.000000e+00 3.568221e-01 -9.341724e-01
endloop
endfacet
facet normal 2.858531e-01 -2.018988e-01 9.367630e-01
outer loop
vertex -3.090170e-01 5.000000e-01 -8.090170e-01
vertex -5.257311e-01 0.000000e+00 -8.506508e-01
vertex 0.000000e+00 3.568221e-01 -9.341724e-01
endloop
endfacet
facet normal 2.690626e-01 -1.747313e-01 9.471400e-01
outer loop
vertex -5.257311e-01 0.000000e+00 -8.506508e-01
vertex 0.000000e+00 0.000000e+00 -1.000000e+00
vertex 0.000000e+00 3.568221e-01 -9.341724e-01
endloop
endfacet
facet normal -2.690626e-01 -1.747313e-01 9.471400e-01
outer loop
vertex 0.000000e+00 0.000000e+00 -1.000000e+00
vertex 5.257311e-01 0.000000e+00 -8.506508e-01
vertex 0.000000e+00 3.568221e-01 -9.341724e-01
endloop
endfacet
facet normal -2.858531e-01 -2.018988e-01 9.367630e-01
outer loop
vertex 5.257311e-01 0.000000e+00 -8.506508e-01
vertex 3.090170e-01 5.000000e-01 -8.090170e-01
vertex 0.000000e+00 3.568221e-01 -9.341724e-01
endloop
endfacet
facet normal -1.679044e-02 -6.372513e-01 7.704731e-01
outer loop
vertex 0.000000e+00 8.506508e-01 -5.257311e-01
vertex 0.000000e+00 3.568221e-01 -9.341724e-01
vertex 3.090170e-01 5.000000e-01 -8.090170e-01
endloop
endfacet
facet normal 2.858531e-01 2.018988e-01 9.367630e-01
outer loop
vertex -5.257311e-01 0.000000e+00 -8.506508e-01
vertex -3.090170e-01 -5.000000e-01 -8.090170e-01
vertex 0.000000e+00 -3.568221e-01 -9.341724e-01
endloop
endfacet
facet normal 1.679044e-02 6.372513e-01 7.704731e-01
outer loop
vertex -3.090170e-01 -5.000000e-01 -8.090170e-01
vertex 0.000000e+00 -8.506508e-01 -5.257311e-01
vertex 0.000000e+00 -3.568221e-01 -9.341724e-01
endloop
endfacet
facet normal -1.679044e-02 6.372513e-01 7.704731e-01
outer loop
vertex 0.000000e+00 -8.506508e-01 -5.257311e-01
vertex 3.090170e-01 -5.000000e-01 -8.090170e-01
vertex 0.000000e+00 -3.568221e-01 -9.341724e-01
endloop
endfacet
facet normal -2.858531e-01 2.018988e-01 9.367630e-01
outer loop
vertex 3.090170e-01 -5.000000e-01 -8.090170e-01
vertex 5.257311e-01 0.000000e+00 -8.506508e-01
vertex 0.000000e+00 -3.568221e-01 -9.341724e-01
endloop
endfacet
facet normal -2.690626e-01 1.747313e-01 9.471400e-01
outer loop
vertex 5.257311e-01 0.000000e+00 -8.506508e-01
vertex 0.000000e+00 0.000000e+00 -1.000000e+00
vertex 0.000000e+00 -3.568221e-01 -9.341724e-01
endloop
endfacet
facet normal 2.690626e-01 1.747313e-01 9.471400e-01
outer loop
vertex -5.257311e-01 0.000000e+00 -8.506508e-01
vertex 0.000000e+00 -3.568221e-01 -9.341724e-01
vertex 0.000000e+00 0.000000e+00 -1.000000e+00
endloop
endfacet
facet normal -3.098887e-01 7.620317e-01 5.685743e-01
outer loop
vertex 0.000000e+00 -8.506508e-01 -5.257311e-01
vertex 5.000000e-01 -8.090170e-01 -3.090170e-01
vertex 5.773503e-01 -5.773503e-01 -5.773503e-01
endloop
endfacet
facet normal -7.452412e-01 5.957418e-01 2.995117e-01
outer loop
vertex 5.000000e-01 -8.090170e-01 -3.090170e-01
vertex 8.506508e-01 -5.257311e-01 0.000000e+00
vertex 5.773503e-01 -5.773503e-01 -5.773503e-01
endloop
endfacet
facet normal -7.620317e-01 5.685743e-01 3.098887e-01
outer loop
vertex 8.506508e-01 -5.257311e-01 0.000000e+00
vertex 8.090170e-01 -3.090170e-01 -5.000000e-01
vertex 5.773503e-01 -5.773503e-01 -5.773503e-01
endloop
endfacet
facet normal -5.957418e-01 2.995117e-01 7.452412e-01
outer loop
vertex 8.090170e-01 -3.090170e-01 -5.000000e-01
vertex 5.257311e-01 0.000000e+00 -8.506508e-01
vertex 5.773503e-01 -5.773503e-01 -5.773503e-01
endloop
endfacet
facet normal -5.685743e-01 3.098887e-01 7.620317e-01
outer loop
vertex 5.257311e-01 0.000000e+00 -8.506508e-01
vertex 3.090170e-01 -5.000000e-01 -8.090170e-01
vertex 5.773503e-01 -5.773503e-01 -5.773503e-01
endloop
endfacet
facet normal -2.995117e-01 7.452412e-01 5.957418e-01
outer loop
vertex 0.000000e+00 -8.506508e-01 -5.257311e-01
vertex 5.773503e-01 -5.773503e-01 -5.773503e-01
vertex 3.090170e-01 -5.000000e-01 -8.090170e-01
endloop
endfacet
facet normal -1.747313e-01 9.471400e-01 2.690626e-01
outer loop
vertex 0.000000e+00 -8.506508e-01 -5.257311e-01
vertex 0.000000e+00 -1.000000e+00 0.000000e+00
vertex 3.568221e-01 -9.341724e-01 0.000000e+00
endloop
endfacet
facet normal -1.747313e-01 9.471400e-01 -2.690626e-01
outer loop
vertex 0.000000e+00 -1.000000e+00 0.000000e+00
vertex 0.000000e+00 -8.506508e-01 5.257311e-01
vertex 3.568221e-01 -9.341724e-01 0.000000e+00
endloop
endfacet
facet normal -2.018988e-01 9.367630e-01 -2.858531e-01
outer loop
vertex 0.000000e+00 -8.506508e-01 5.257311e-01
vertex 5.000000e-01 -8.090170e-01 3.090170e-01
vertex 3.568221e-01 -9.341724e-01 0.000000e+00
endloop
endfacet
facet normal -6.372513e-01 7.704731e-01 -1.679044e-02
outer loop
vertex 5.000000e-01 -8.090170e-01 3.090170e-01
vertex 8.506508e-01 -5.257311e-01 0.000000e+00
vertex 3.568221e-01 -9.341724e-01 0.000000e+00
endloop
endfacet
facet normal -6.372513e-01 7.704731e-01 1.679044e-02
outer loop
vertex 8.506508e-01 -5.257311e-01 0.000000e+00
vertex 5.000000e-01 -8.090170e-01 -3.090170e-01
vertex 3.568221e-01 -9.341724e-01 0.000000e+00
endloop
endfacet
facet normal -2.018988e-01 9.367630e-01 2.858531e-01
outer loop
vertex 0.000000e+00 -8.506508e-01 -5.257311e-01
vertex 3.568221e-01 -9.341724e-01 0.000000e+00
vertex 5.000000e-01 -8.090170e-01 -3.090170e-01
endloop
endfacet
facet normal 2.018988e-01 9.367630e-01 2.858531e-01
outer loop
vertex 0.000000e+00 -8.506508e-01 -5.257311e-01
vertex -5.000000e-01 -8.090170e-01 -3.090170e-01
vertex -3.568221e-01 -9.341724e-01 0.000000e+00
endloop
endfacet
facet normal 6.372513e-01 7.704731e-01 1.679044e-02
outer loop
vertex -5.000000e-01 -8.090170e-01 -3.090170e-01
vertex -8.506508e-01 -5.257311e-01 0.000000e+00
vertex -3.568221e-01 -9.341724e-01 0.000000e+00
endloop
endfacet
facet normal 6.372513e-01 7.704731e-01 -1.679044e-02
outer loop
vertex -8.506508e-01 -5.257311e-01 0.000000e+00
vertex -5.000000e-01 -8.090170e-01 3.090170e-01
vertex -3.568221e-01 -9.341724e-01 0.000000e+00
endloop
endfacet
facet normal 2.018988e-01 9.367630e-01 -2.858531e-01
outer loop
vertex -5.000000e-01 -8.090170e-01 3.090170e-01
vertex 0.000000e+00 -8.506508e-01 5.257311e-01
vertex -3.568221e-01 -9.341724e-01 0.000000e+00
endloop
endfacet
facet normal 1.747313e-01 9.471400e-01 -2.690626e-01
outer loop
vertex 0.000000e+00 -8.506508e-01 5.257311e-01
vertex 0.000000e+00 -1.000000e+00 0.000000e+00
vertex -3.568221e-01 -9.341724e-01 0.000000e+00
endloop
endfacet
facet normal 1.747313e-01 9.471400e-01 2.690626e-01
outer loop
vertex 0.000000e+00 -8.506508e-01 -5.257311e-01
vertex -3.568221e-01 -9.341724e-01 0.000000e+00
vertex 0.000000e+00 -1.000000e+00 0.000000e+00
endloop
endfacet
facet normal 7.620317e-01 5.685743e-01 -3.098887e-01
outer loop
vertex -8.506508e-01 -5.257311e-01 0.000000e+00
vertex -8.090170e-01 -3.090170e-01 5.000000e-01
vertex -5.773503e-01 -5.773503e-01 5.773503e-01
endloop
endfacet
facet normal 5.957418e-01 2.995117e-01 -7.452412e-01
outer loop
vertex -8.090170e-01 -3.090170e-01 5.000000e-01
vertex -5.257311e-01 0.000000e+00 8.506508e-01
vertex -5.773503e-01 -5.773503e-01 5.773503e-01
endloop
endfacet
facet normal 5.685743e-01 3.098887e-01 -7.620317e-01
outer loop
vertex -5.257311e-01 0.000000e+00 8.506508e-01
vertex -3.090170e-01 -5.000000e-01 8.090170e-01
vertex -5.773503e-01 -5.773503e-01 5.773503e-01
endloop
endfacet
facet normal 2.995117e-01 7.452412e-01 -5.957418e-01
outer loop
vertex -3.090170e-01 -5.000000e-01 8.090170e-01
vertex 0.000000e+00 -8.506508e-01 5.257311e-01
vertex -5.773503e-01 -5.773503e-01 5.773503e-01
endloop
endfacet
facet normal 3.098887e-01 7.620317e-01 -5.685743e-01
outer loop
vertex 0.000000e+00 -8.506508e-01 5.257311e-01
vertex -5.000000e-01 -8.090170e-01 3.090170e-01
vertex -5.773503e-01 -5.773503e-01 5.773503e-01
endloop
endfacet
facet normal 7.452412e-01 5.957418e-01 -2.995117e-01
outer loop
vertex -8.506508e-01 -5.257311e-01 0.000000e+00
vertex -5.773503e-01 -5.773503e-01 5.773503e-01
vertex -5.000000e-01 -8.090170e-01 3.090170e-01
endloop
endfacet
facet normal 2.690626e-01 1.747313e-01 -9.471400e-01
outer loop
vertex -5.257311e-01 0.000000e+00 8.506508e-01
vertex 0.000000e+00 0.000000e+00 1.000000e+00
vertex 0.000000e+00 -3.568221e-01 9.341724e-01
endloop
endfacet
facet normal -2.690626e-01 1.747313e-01 -9.471400e-01
outer loop
vertex 0.000000e+00 0.000000e+00 1.000000e+00
vertex 5.257311e-01 0.000000e+00 8.506508e-01
vertex 0.000000e+00 -3.568221e-01 9.341724e-01
endloop
endfacet
facet normal -2.858531e-01 2.018988e-01 -9.367630e-01
outer loop
vertex 5.257311e-01 0.000000e+00 8.506508e-01
vertex 3.090170e-01 -5.000000e-01 8.090170e-01
vertex 0.000000e+00 -3.568221e-01 9.341724e-01
endloop
endfacet
facet normal -1.679044e-02 6.372513e-01 -7.704731e-01
outer loop
vertex 3.090170e-01 -5.000000e-01 8.090170e-01
vertex 0.000000e+00 -8.506508e-01 5.257311e-01
vertex 0.000000e+00 -3.568221e-01 9.341724e-01
endloop
endfacet
facet normal 1.679044e-02 6.372513e-01 -7.704731e-01
outer loop
vertex 0.000000e+00 -8.506508e-01 5.257311e-01
vertex -3.090170e-01 -5.000000e-01 8.090170e-01
vertex 0.000000e+00 -3.568221e-01 9.341724e-01
endloop
endfacet
facet normal 2.858531e-01 2.018988e-01 -9.367630e-01
outer loop
vertex -5.257311e-01 0.000000e+00 8.506508e-01
vertex 0.000000e+00 -3.568221e-01 9.341724e-01
vertex -3.090170e-01 -5.000000e-01 8.090170e-01
endloop
endfacet
facet normal -2.995117e-01 7.452412e-01 -5.957418e-01
outer loop
vertex 0.000000e+00 -8.506508e-01 5.257311e-01
vertex 3.090170e-01 -5.000000e-01 8.090170e-01
vertex 5.773503e-01 -5.773503e-01 5.773503e-01
endloop
endfacet
facet normal -5.685743e-01 3.098887e-01 -7.620317e-01
outer loop
vertex 3.090170e-01 -5.000000e-01 8.090170e-01
vertex 5.257311e-01 0.000000e+00 8.506508e-01
vertex 5.773503e-01 -5.773503e-01 5.773503e-01
endloop
endfacet
facet normal -5.957418e-01 2.995117e-01 -7.452412e-01
outer loop
vertex 5.257311e-01 0.000000e+00 8.506508e-01
vertex 8.090170e-01 -3.090170e-01 5.000000e-01
vertex 5.773503e-01 -5.773503e-01 5.773503e-01
endloop
endfacet
facet normal -7.620317e-01 5.685743e-01 -3.098887e-01
outer loop
vertex 8.090170e-01 -3.090170e-01 5.000000e-01
vertex 8.506508e-01 -5.257311e-01 0.000000e+00
vertex 5.773503e-01 -5.773503e-01 5.773503e-01
endloop
endfacet
facet normal -7.452412e-01 5.957418e-01 -2.995117e-01
outer loop
vertex 8.506508e-01 -5.257311e-01 0.000000e+00
vertex 5.000000e-01 -8.090170e-01 3.090170e-01
vertex 5.773503e-01 -5.773503e-01 5.773503e-01
endloop
endfacet
facet normal -3.098887e-01 7.620317e-01 -5.685743e-01
outer loop
vertex 0.000000e+00 -8.506508e-01 5.257311e-01
vertex 5.773503e-01 -5.773503e-01 5.773503e-01
vertex 5.000000e-01 -8.090170e-01 3.090170e-01
endloop
endfacet
facet normal 9.367630e-01 -2.858531e-01 -2.018988e-01
outer loop
vertex -8.506508e-01 5.257311e-01 0.000000e+00
vertex -8.090170e-01 3.090170e-01 5.000000e-01
vertex -9.341724e-01 0.000000e+00 3.568221e-01
endloop
endfacet
facet normal 7.704731e-01 -1.679044e-02 -6.372513e-01
outer loop
vertex -8.090170e-01 3.090170e-01 5.000000e-01
vertex -5.257311e-01 0.000000e+00 8.506508e-01
vertex -9.341724e-01 0.000000e+00 3.568221e-01
endloop
endfacet
facet normal 7.704731e-01 1.679044e-02 -6.372513e-01
outer loop
vertex -5.257311e-01 0.000000e+00 8.506508e-01
vertex -8.090170e-01 -3.090170e-01 5.000000e-01
vertex -9.341724e-01 0.000000e+00 3.568221e-01
endloop
endfacet
facet normal 9.367630e-01 2.858531e-01 -2.018988e-01
outer loop
vertex -8.090170e-01 -3.090170e-01 5.000000e-01
vertex -8.506508e-01 -5.257311e-01 0.000000e+00
vertex -9.341724e-01 0.000000e+00 3.568221e-01
endloop
endfacet
facet normal 9.471400e-01 2.690626e-01 -1.747313e-01
outer loop
vertex -8.506508e-01 -5.257311e-01 0.000000e+00
vertex -1.000000e+00 0.000000e+00 0.000000e+00
vertex -9.341724e-01 0.000000e+00 3.568221e-01
endloop
endfacet
facet normal 9.471400e-01 -2.690626e-01 -1.747313e-01
outer loop
vertex -8.506508e-01 5.257311e-01 0.000000e+00
vertex -9.341724e-01 0.000000e+00 3.568221e-01
vertex -1.000000e+00 0.000000e+00 0.000000e+00
endloop
endfacet
facet normal 9.471400e-01 -2.690626e-01 1.747313e-01
outer loop
vertex -8.506508e-01 5.257311e-01 0.000000e+00
vertex -1.000000e+00 0.000000e+00 0.000000e+00
vertex -9.341724e-01 0.000000e+00 -3.568221e-01
endloop
endfacet
facet normal 9.471400e-01 2.690626e-01 1.747313e-01
outer loop
vertex -1.000000e+00 0.000000e+00 0.000000e+00
vertex -8.506508e-01 -5.257311e-01 0.000000e+00
vertex -9.341724e-01 0.000000e+00 -3.568221e-01
endloop
endfacet
facet normal 9.367630e-01 2.858531e-01 2.018988e-01
outer loop
vertex -8.506508e-01 -5.257311e-01 0.000000e+00
vertex -8.090170e-01 -3.090170e-01 -5.000000e-01
vertex -9.341724e-01 0.000000e+00 -3.568221e-01
endloop
endfacet
facet normal 7.704731e-01 1.679044e-02 6.372513e-01
outer loop
vertex -8.090170e-01 -3.090170e-01 -5.000000e-01
vertex -5.257311e-01 0.000000e+00 -8.506508e-01
vertex -9.341724e-01 0.000000e+00 -3.568221e-01
endloop
endfacet
facet normal 7.704731e-01 -1.679044e-02 6.372513e-01
outer loop
vertex -5.257311e-01 0.000000e+00 -8.506508e-01
vertex -8.090170e-01 3.090170e-01 -5.000000e-01
vertex -9.341724e-01 0.000000e+00 -3.568221e-01
endloop
endfacet
facet normal 9.367630e-01 -2.858531e-01 2.018988e-01
outer loop
vertex -8.506508e-01 5.257311e-01 0.000000e+00
vertex -9.341724e-01 0.000000e+00 -3.568221e-01
vertex -8.090170e-01 3.090170e-01 -5.000000e-01
endloop
endfacet
facet normal 7.620317e-01 -5.685743e-01 3.098887e-01
outer loop
vertex -8.506508e-01 5.257311e-01 0.000000e+00
vertex -8.090170e-01 3.090170e-01 -5.000000e-01
vertex -5.773503e-01 5.773503e-01 -5.773503e-01
endloop
endfacet
facet normal 5.957418e-01 -2.995117e-01 7.452412e-01
outer loop
vertex -8.090170e-01 3.090170e-01 -5.000000e-01
vertex -5.257311e-01 0.000000e+00 -8.506508e-01
vertex -5.773503e-01 5.773503e-01 -5.773503e-01
endloop
endfacet
facet normal 5.685743e-01 -3.098887e-01 7.620317e-01
outer loop
vertex -5.257311e-01 0.000000e+00 -8.506508e-01
vertex -3.090170e-01 5.000000e-01 -8.090170e-01
vertex -5.773503e-01 5.773503e-01 -5.773503e-01
endloop
endfacet
facet normal 2.995117e-01 -7.452412e-01 5.957418e-01
outer loop
vertex -3.090170e-01 5.000000e-01 -8.090170e-01
vertex 0.000000e+00 8.506508e-01 -5.257311e-01
vertex -5.773503e-01 5.773503e-01 -5.773503e-01
endloop
endfacet
facet normal 3.098887e-01 -7.620317e-01 5.685743e-01
outer loop
vertex 0.000000e+00 8.506508e-01 -5.257311e-01
vertex -5.000000e-01 8.090170e-01 -3.090170e-01
vertex -5.773503e-01 5.773503e-01 -5.773503e-01
endloop
endfacet
facet normal 7.452412e-01 -5.957418e-01 2.995117e-01
outer loop
vertex -8.506508e-01 5.257311e-01 0.000000e+00
vertex -5.773503e-01 5.773503e-01 -5.773503e-01
vertex -5.000000e-01 8.090170e-01 -3.090170e-01
endloop
endfacet
facet normal 2.995117e-01 7.452412e-01 5.957418e-01
outer loop
vertex 0.000000e+00 -8.506508e-01 -5.257311e-01
vertex -3.090170e-01 -5.000000e-01 -8.090170e-01
vertex -5.773503e-01 -5.773503e-01 -5.773503e-01
endloop
endfacet
facet normal 5.685743e-01 3.098887e-01 7.620317e-01
outer loop
vertex -3.090170e-01 -5.000000e-01 -8.090170e-01
vertex -5.257311e-01 0.000000e+00 -8.506508e-01
vertex -5.773503e-01 -5.773503e-01 -5.773503e-01
endloop
endfacet
facet normal 5.957418e-01 2.995117e-01 7.452412e-01
outer loop
vertex -5.257311e-01 0.000000e+00 -8.506508e-01
vertex -8.090170e-01 -3.090170e-01 -5.000000e-01
vertex -5.773503e-01 -5.773503e-01 -5.773503e-01
endloop
endfacet
facet normal 7.620317e-01 5.685743e-01 3.098887e-01
outer loop
vertex -8.090170e-01 -3.090170e-01 -5.000000e-01
vertex -8.506508e-01 -5.257311e-01 0.000000e+00
vertex -5.773503e-01 -5.773503e-01 -5.773503e-01
endloop
endfacet
facet normal 7.452412e-01 5.957418e-01 2.995117e-01
outer loop
vertex -8.506508e-01 -5.257311e-01 0.000000e+00
vertex -5.000000e-01 -8.090170e-01 -3.090170e-01
vertex -5.773503e-01 -5.773503e-01 -5.773503e-01
endloop
endfacet
facet normal 3.098887e-01 7.620317e-01 5.685743e-01
outer loop
vertex 0.000000e+00 -8.506508e-01 -5.257311e-01
vertex -5.773503e-01 -5.773503e-01 -5.773503e-01
vertex -5.000000e-01 -8.090170e-01 -3.090170e-01
endloop
endfacet
endsolid TriangleGroup